0
box
0
1
1
1
1
0
0
0
0
0
0
1
1
1
1
floor
0
1
1
1
1
0
-5
0
0
0
0
100
1
100
2
light
1
1
1
1
1
0
4
0
0
0
0
1
1
1
3
light
1
1
0
0
1
0
4
-4
0
0
0
1
1
1
4
box
0
1
1
1
0
0
-4
5
0
0
0
15
15
1
5
box
0
1
1
1
0
0
-4
0
0
0
0
1
1
1
6
box
0
1
1
1
0
-3
-4.5
0
0
0
0
1
0.1
5
7
box
0
1
1
1
1
-3
-4.4
-0.25
0
0
0
1
0.1
4.5
8
box
0
1
1
1
1
-3
-4.4
-0.25
0
0
0
1
0.1
4.5
9
box
0
1
1
1
1
-3
-4.3
-0.5
0
0
0
1
0.1
4
10
box
0
1
1
1
1
-3
-4.2
-0.75
0
0
0
1
0.1
3.5
11
box
0
1
1
1
1
-3
-4.1
-1
0
0
0
1
0.1
3
12
box
0
1
1
1
1
-3
-4
-1.25
0
0
0
1
0.1
2.5
13
box
0
1
1
1
1
-3
-3.9
-1.5
0
0
0
1
0.1
2
14
box
0
1
1
1
1
-3
-3.7
-2
0
0
0
1
0.1
1
15
box
0
1
1
1
1
-3
-3.8
-1.75
0
0
0
1
0.1
1.5
16
box
0
1
1
1
0
-2
0
-4
0
0
0
4
1
4
17
box
0
1
1
1
1
-2
-4
-4
0
0
0
4
1
4